seria	Ts	z(Ts)	u(Ts)	f	u(f)
1	250	50	8,16496580927726	4000	130,639452948436
2	220	50	8,16496580927726	4545,45454545455	168,697640687547
3	200	50	8,16496580927726	5000	204,124145231932
4	180	50	8,16496580927726	5555,55555555556	252,005117570286
5	164	20	3,2659863237109	6097,56097560976	121,430187526432
6	154	20	3,2659863237109	6493,50649350649	137,712359744936
7	142	20	3,2659863237109	7042,25352112676	161,971152733134
8	132	20	3,2659863237109	7575,75757575758	187,441822986163
9	124	20	3,2659863237109	8064,51612903226	212,408059554559
